test_accuracy: 0.6810713410377502
test_loss: 1.747820258140564
