test_accuracy: 1.3870066404342651
test_loss: 2.0128750801086426
