test_accuracy: 0.6219394207000732
test_loss: 3.3969695568084717
