test_accuracy: 0.6975919008255005
test_loss: 1.135145664215088
