test_accuracy: 1.3866780996322632
test_loss: 3.0526726245880127
