test_accuracy: 0.6895735263824463
test_loss: 1.1489206552505493
